1596
1144
4087
1156
579
1622
13
14235
3286
2128
318
2348
4757
321
9417
314
799
351
992
14
77517
4560
8
321
1103
1379
2894
55404
466
4906
14832
303
1906
314
28943
11
12278
5721
11
13769
4884
13
14235
1831
1248
13
14235
22903
25522
13
1165
599
1132
9417
11
524
4880
2450
13
14235
22846
14832
494
25499
13
14235
4222
10229
55404
42529
11457
14832
25
202201
3047
4562
11
45559
6009
25165
11
81726
9966
1954
11
32313
26079
11
63520
45543
11
3238
10592
1354
18394
11
7072
11668
6126
11
77528
18583
11
31838
2468
11
76433
4610
11
5165
35141
11
6297
11
4831
13
14235
12278
5721
494
3766
4479
13
14235
13769
25689
13
14235
1906
28943
13
14235
6970
6088
7167
3447
25
874
4880
1970
11
748
14832
3018
383
25530
7465
13
14235
381
16097
524
16525
2166
1691
13
14235
12278
4581
66320
13
14235
6970
2830
1898
13
14235
4222
5077
383
55404
14832
25
2397
1676
15999
2074
4016
310
45559
6009
25165
321
35494
7072
33686
61369
26
81726
9966
1954
15579
26
32313
26079
7551
15700
2193
26
63520
45543
24693
321
29007
26
9640
6297
28336
55404
26
3238
10592
1354
18394
321
68463
6009
12366
26
7072
11668
6126
6000
6507
321
6297
26
77528
18583
2397
14813
4334
321
48659
5787
26
31838
2468
10206
524
30394
26
76433
4610
26
5165
1328
10968
9529
20827
26271
31304
26
60601
69454
6741
