layers present in both arms: 49 (-1, 0, 1 ...)

  after layer      A rms      B rms    rel_rms(A,B)   max|diff|   rel_rms(max)  differing/200*T
  initial R (stage input)  [lad1c-fused.bin.lb0, lb=0 slot 0] 1.524321e-03 1.524321e-03   0.000e+00      0.000e+00     0.000e+00       0/10240
  0  R after layer 0 9.124202e-03 9.124201e-03   1.450e-07      2.980e-08     3.266e-06       8660/10240
  1  R after layer 1 9.168570e-03 9.168569e-03   1.505e-07      2.980e-08     3.250e-06       9180/10240
  2  R after layer 2 1.180654e-02 1.180729e-02   9.030e-04      7.738e-05     6.554e-03       10239/10240
  3  R after layer 3 1.226084e-02 1.226240e-02   2.435e-03      2.201e-04     1.795e-02       10240/10240
  4  R after layer 4 1.282211e-02 1.282381e-02   3.863e-03      3.548e-04     2.767e-02       10240/10240
  5  R after layer 5 1.333171e-02 1.333074e-02   4.273e-03      3.884e-04     2.913e-02       10240/10240
  6  R after layer 6 1.372999e-02 1.373104e-02   4.693e-03      4.740e-04     3.452e-02       10240/10240
  7  R after layer 7 1.462979e-02 1.463385e-02   5.468e-03      5.657e-04     3.867e-02       10240/10240
  8  R after layer 8 1.512797e-02 1.513328e-02   5.410e-03      5.267e-04     3.482e-02       10240/10240
  9  R after layer 9 1.535596e-02 1.536460e-02   1.171e-02      1.033e-03     6.729e-02       10240/10240
  10  R after layer 10 1.533560e-02 1.534601e-02   1.124e-02      9.755e-04     6.361e-02       10240/10240
  11  R after layer 11 1.560492e-02 1.560664e-02   1.117e-02      9.959e-04     6.382e-02       10240/10240
  12  R after layer 12 1.729202e-02 1.729138e-02   1.191e-02      1.401e-03     8.101e-02       10240/10240
  13  R after layer 13 1.750072e-02 1.749999e-02   1.179e-02      1.419e-03     8.109e-02       10240/10240
  14  R after layer 14 1.823644e-02 1.823688e-02   1.160e-02      1.251e-03     6.859e-02       10240/10240
  15  R after layer 15 1.822935e-02 1.822002e-02   1.305e-02      1.376e-03     7.551e-02       10240/10240
  16  R after layer 16 1.880455e-02 1.878517e-02   1.407e-02      1.477e-03     7.856e-02       10240/10240
  17  R after layer 17 1.904986e-02 1.902660e-02   1.375e-02      1.302e-03     6.837e-02       10240/10240
  18  R after layer 18 2.140018e-02 2.137365e-02   1.345e-02      1.559e-03     7.285e-02       10240/10240
  19  R after layer 19 2.247122e-02 2.245182e-02   1.402e-02      1.611e-03     7.167e-02       10240/10240
  20  R after layer 20 2.306563e-02 2.305097e-02   1.374e-02      1.603e-03     6.948e-02       10240/10240
  21  R after layer 21 2.473205e-02 2.476162e-02   1.762e-02      2.564e-03     1.037e-01       10240/10240
  22  R after layer 22 3.322076e-02 3.324787e-02   1.607e-02      2.896e-03     8.717e-02       10240/10240
  23  R after layer 23 3.520737e-02 3.522509e-02   1.635e-02      2.979e-03     8.463e-02       10240/10240
  24  R after layer 24 3.818754e-02 3.819250e-02   1.596e-02      2.812e-03     7.364e-02       10240/10240
  25  R after layer 25 3.894634e-02 3.894331e-02   1.601e-02      2.913e-03     7.480e-02       10240/10240
  26  R after layer 26 4.022352e-02 4.022118e-02   1.583e-02      3.129e-03     7.780e-02       10240/10240
  27  R after layer 27 4.056931e-02 4.058227e-02   1.713e-02      3.557e-03     8.767e-02       10240/10240
  28  R after layer 28 4.277571e-02 4.266780e-02   5.491e-02      1.071e-02     2.504e-01       10240/10240
  29  R after layer 29 4.553430e-02 4.549422e-02   5.389e-02      1.091e-02     2.396e-01       10240/10240
  30  R after layer 30 5.144665e-02 5.121463e-02   5.143e-02      1.247e-02     2.424e-01       10240/10240
  31  R after layer 31 5.588465e-02 5.553829e-02   4.973e-02      1.499e-02     2.682e-01       10240/10240
  32  R after layer 32 6.098017e-02 6.057923e-02   4.734e-02      1.555e-02     2.550e-01       10240/10240
  33  R after layer 33 6.572381e-02 6.531247e-02   4.480e-02      1.543e-02     2.348e-01       10240/10240
  34  R after layer 34 7.336277e-02 7.274353e-02   5.709e-02      2.279e-02     3.106e-01       10240/10240
  35  R after layer 35 8.979251e-02 8.916700e-02   5.757e-02      3.301e-02     3.677e-01       10240/10240
  36  R after layer 36 1.295590e-01 1.290114e-01   4.921e-02      3.800e-02     2.933e-01       10240/10240
  37  R after layer 37 1.395279e-01 1.391504e-01   7.681e-02      5.184e-02     3.716e-01       10240/10240
  38  R after layer 38 1.477935e-01 1.474582e-01   7.849e-02      6.300e-02     4.263e-01       10240/10240
  39  R after layer 39 1.863001e-01 1.860570e-01   6.971e-02      6.850e-02     3.677e-01       10240/10240
  40  R after layer 40 1.987035e-01 1.981918e-01   7.399e-02      8.552e-02     4.304e-01       10240/10240
  41  R after layer 41 2.112763e-01 2.105206e-01   8.230e-02      1.174e-01     5.557e-01       10240/10240
  42  R after layer 42 2.245067e-01 2.235072e-01   8.129e-02      1.242e-01     5.532e-01       10240/10240
  43  R after layer 43 2.327343e-01 2.311393e-01   8.065e-02      1.258e-01     5.406e-01       10240/10240
  44  R after layer 44 3.302740e-01 3.283440e-01   6.895e-02      3.271e-01     9.903e-01       10240/10240
  45  R after layer 45 4.570713e-01 4.561962e-01   5.920e-02      3.351e-01     7.332e-01       10240/10240
  46  R after layer 46 6.064261e-01 6.069517e-01   5.034e-02      3.295e-01     5.433e-01       10240/10240
  47  R after layer 47 6.515185e-01 6.517592e-01   4.937e-02      3.341e-01     5.129e-01       10240/10240

FIRST DIVERGENCE: layer 0 (R after layer 0  [lad1c-fused.bin.lb0, lb=0 slot 2])
  rel_rms 1.450e-07, max|diff| 2.980e-08, layer rms 9.124e-03 (max/rms 3.266e-06)

  attention-half output (`.bo`, slot == layer)   48 layers in both arms
  layer      A rms      B rms    rel_rms(A,B)   max|diff|  differing/2560
  0        8.148076e-02 8.148076e-02   0.000e+00      0.000e+00    0
  1        1.140739e-01 1.140739e-01   0.000e+00      0.000e+00    0
  2        8.419178e-02 8.418982e-02   1.583e-03      6.359e-04    2560
  3        9.343858e-02 9.345578e-02   5.171e-03      2.077e-03    2560
  4        8.288372e-02 8.285060e-02   8.939e-03      2.969e-03    2560
  5        6.379629e-02 6.378936e-02   9.352e-03      2.381e-03    2560
  6        1.825385e-01 1.825770e-01   6.026e-03      6.412e-03    2560
  7        1.056295e-01 1.058428e-01   1.605e-02      7.251e-03    2560
  8        2.184295e-02 2.187303e-02   8.964e-03      6.738e-04    2560
  9        7.896986e-02 7.908120e-02   1.154e-02      3.474e-03    2560
  10       9.827911e-02 9.888483e-02   3.352e-02      1.278e-02    2560
  11       1.039325e-01 1.038466e-01   3.467e-02      1.272e-02    2560
  12       9.036401e-02 9.015254e-02   2.179e-02      8.547e-03    2560
  13       4.936441e-02 4.928841e-02   2.008e-02      4.577e-03    2560
  14       7.562989e-02 7.567845e-02   2.015e-02      6.351e-03    2560
  15       9.383449e-02 9.373159e-02   3.198e-02      1.141e-02    2560
  16       6.708139e-02 6.703466e-02   2.749e-02      8.042e-03    2560
  17       5.407941e-02 5.395524e-02   2.704e-02      6.249e-03    2560
  18       7.423599e-02 7.400142e-02   1.909e-02      7.694e-03    2560
  19       9.672078e-02 9.707109e-02   2.950e-02      1.238e-02    2560
  20       1.140559e-01 1.138859e-01   2.275e-02      1.386e-02    2560
  21       3.097693e-02 3.078957e-02   2.195e-02      2.793e-03    2560
  22       1.005513e-01 1.007764e-01   1.129e-02      9.609e-03    2560
  23       8.356294e-02 8.400516e-02   3.090e-02      1.342e-02    2560
  24       2.297458e-02 2.294562e-02   1.567e-02      1.955e-03    2560
  25       5.713249e-02 5.701316e-02   2.302e-02      5.801e-03    2560
  26       6.565498e-02 6.553991e-02   2.339e-02      1.021e-02    2560
  27       6.741711e-02 6.761615e-02   3.414e-02      1.528e-02    2560
  28       7.123375e-02 7.125273e-02   2.614e-02      8.959e-03    2560
  29       3.321163e-02 3.292534e-02   7.512e-02      1.263e-02    2560
  30       8.041632e-02 7.942044e-02   5.777e-02      2.252e-02    2560
  31       6.737818e-02 6.731643e-02   6.242e-02      1.657e-02    2560
  32       6.508988e-02 6.448000e-02   4.986e-02      1.399e-02    2560
  33       3.935221e-02 3.938879e-02   3.903e-02      6.530e-03    2560
  34       4.598594e-02 4.581692e-02   4.055e-02      8.375e-03    2560
  35       6.930493e-02 6.956696e-02   7.133e-02      1.901e-02    2560
  36       1.230265e-01 1.222458e-01   4.365e-02      3.547e-02    2560
  37       5.009241e-02 5.005106e-02   4.276e-02      1.090e-02    2560
  38       5.916957e-02 5.888007e-02   6.546e-02      1.603e-02    2560
  39       1.578423e-01 1.591232e-01   4.837e-02      5.436e-02    2560
  40       8.008532e-02 7.995540e-02   7.217e-02      2.474e-02    2560
  41       6.526887e-02 6.528315e-02   7.384e-02      2.239e-02    2560
  42       6.864227e-02 6.778447e-02   8.087e-02      2.277e-02    2560
  43       8.023380e-02 8.064427e-02   6.407e-02      1.840e-02    2560
  44       2.168202e-01 2.153041e-01   5.135e-02      1.967e-01    2560
  45       2.976793e-01 2.973098e-01   5.096e-02      7.404e-02    2560
  46       4.747919e-01 4.775333e-01   3.269e-02      6.342e-02    2560
  47       1.381828e-01 1.387260e-01   4.185e-02      2.358e-02    2560
FIRST `.bo` DIVERGENCE: layer 2
