INFO context=131072 kv=int8 kv_resident=32768 expert_slots=24576 expert_cache_mib=47962 expert_slots_primary=11776 expert_cache_primary_mib=21712 spec=6 mtp_max=4 lookup=3 vram_free_mib=5331 cvec=0 arena_mib=0 pool_workers=19 pcie_frac=0.55 spec_min_p=0.50 conversation_cache_mib=0 conversation_cache_slots=4 conversation_cache_min_free_mib=2560 engine=0.1.34
READY 131072 stop
RESUME 0
PP 512 129024 2682 190.9
PP 1024 129024 4185 244.7
PP 1536 129024 5988 256.5
PP 2048 129024 7956 257.4
PP 2560 129024 10019 255.5
PP 3072 129024 12103 253.8
PP 3584 129024 14171 252.9
PP 4096 129024 16273 251.7
PP 4608 129024 18422 250.1
PP 5120 129024 20593 248.6
PP 5632 129024 22727 247.8
PP 6144 129024 24860 247.1
PP 6656 129024 27019 246.3
PP 7168 129024 29175 245.7
PP 7680 129024 31285 245.5
PP 8192 129024 33417 245.1
PP 8704 129024 35575 244.7
PP 9216 129024 37749 244.1
PP 9728 129024 39901 243.8
PP 10240 129024 42110 243.2
PP 10752 129024 44302 242.7
PP 11264 129024 46452 242.5
PP 11776 129024 48632 242.1
PP 12288 129024 50742 242.2
PP 12800 129024 52818 242.3
PP 13312 129024 55030 241.9
PP 13824 129024 57185 241.7
PP 14336 129024 59336 241.6
PP 14848 129024 61539 241.3
PP 15360 129024 63777 240.8
PP 15872 129024 66012 240.4
PP 16384 129024 68328 239.8
PP 16896 129024 70582 239.4
PP 17408 129024 72857 238.9
PP 17920 129024 75037 238.8
PP 18432 129024 77250 238.6
PP 18944 129024 79488 238.3
PP 19456 129024 81746 238.0
PP 19968 129024 83962 237.8
PP 20480 129024 86142 237.7
PP 20992 129024 88359 237.6
PP 21504 129024 90603 237.3
PP 22016 129024 92881 237.0
PP 22528 129024 95061 237.0
PP 23040 129024 97243 236.9
PP 23552 129024 99441 236.8
PP 24064 129024 101629 236.8
PP 24576 129024 103849 236.7
PP 25088 129024 106098 236.5
PP 25600 129024 108309 236.4
PP 26112 129024 110575 236.1
PP 26624 129024 112798 236.0
PP 27136 129024 115003 236.0
PP 27648 129024 117222 235.9
PP 28160 129024 119424 235.8
PP 28672 129024 121622 235.7
PP 29184 129024 123856 235.6
PP 29696 129024 126094 235.5
PP 30208 129024 128288 235.5
PP 30720 129024 130575 235.3
PP 31232 129024 132853 235.1
PP 31744 129024 135105 235.0
PP 32256 129024 137367 234.8
PP 32768 129024 139627 234.7
PP 33280 129024 141867 234.6
PP 33792 129024 144086 234.5
PP 34304 129024 146345 234.4
PP 34816 129024 148605 234.3
PP 35328 129024 150871 234.2
PP 35840 129024 153118 234.1
PP 36352 129024 155309 234.1
PP 36864 129024 157619 233.9
PP 37376 129024 159905 233.7
PP 37888 129024 162194 233.6
PP 38400 129024 164467 233.5
PP 38912 129024 166698 233.4
PP 39424 129024 168905 233.4
PP 39936 129024 171226 233.2
PP 40448 129024 173513 233.1
PP 40960 129024 175840 232.9
PP 41472 129024 178112 232.8
PP 41984 129024 180440 232.7
PP 42496 129024 182732 232.6
PP 43008 129024 185031 232.4
PP 43520 129024 187381 232.3
PP 44032 129024 189721 232.1
PP 44544 129024 192082 231.9
PP 45056 129024 194386 231.8
PP 45568 129024 196721 231.6
PP 46080 129024 199009 231.5
PP 46592 129024 201379 231.4
PP 47104 129024 203751 231.2
PP 47616 129024 206101 231.0
PP 48128 129024 208377 231.0
PP 48640 129024 210718 230.8
PP 49152 129024 213024 230.7
PP 49664 129024 215360 230.6
PP 50176 129024 217709 230.5
PP 50688 129024 220008 230.4
PP 51200 129024 222350 230.3
PP 51712 129024 224548 230.3
PP 52224 129024 226873 230.2
PP 52736 129024 229157 230.1
PP 53248 129024 231500 230.0
PP 53760 129024 233830 229.9
PP 54272 129024 236151 229.8
PP 54784 129024 238464 229.7
PP 55296 129024 240822 229.6
PP 55808 129024 243204 229.5
PP 56320 129024 245590 229.3
PP 56832 129024 247998 229.2
PP 57344 129024 250352 229.1
PP 57856 129024 252767 228.9
PP 58368 129024 255173 228.7
PP 58880 129024 257450 228.7
PP 59392 129024 259791 228.6
PP 59904 129024 262088 228.6
PP 60416 129024 264432 228.5
PP 60928 129024 266812 228.4
PP 61440 129024 269196 228.2
PP 61952 129024 271599 228.1
PP 62464 129024 274056 227.9
PP 62976 129024 276417 227.8
PP 63488 129024 278845 227.7
PP 64000 129024 281257 227.6
PP 64512 129024 283571 227.5
PP 65024 129024 285967 227.4
PP 65536 129024 288346 227.3
PP 66048 129024 290789 227.1
PP 66560 129024 293185 227.0
PP 67072 129024 295580 226.9
PP 67584 129024 297907 226.9
PP 68096 129024 300281 226.8
PP 68608 129024 302722 226.6
PP 69120 129024 305155 226.5
PP 69632 129024 307506 226.4
PP 70144 129024 309977 226.3
PP 70656 129024 312394 226.2
PP 71168 129024 314828 226.1
PP 71680 129024 317257 225.9
PP 72192 129024 319719 225.8
PP 72704 129024 322089 225.7
PP 73216 129024 324543 225.6
PP 73728 129024 326917 225.5
PP 74240 129024 329300 225.4
PP 74752 129024 331706 225.4
PP 75264 129024 334185 225.2
PP 75776 129024 336541 225.2
PP 76288 129024 338887 225.1
PP 76800 129024 341264 225.0
PP 77312 129024 343657 225.0
PP 77824 129024 346073 224.9
PP 78336 129024 348511 224.8
PP 78848 129024 350992 224.6
PP 79360 129024 353417 224.6
PP 79872 129024 355851 224.5
PP 80384 129024 358306 224.3
PP 80896 129024 360693 224.3
PP 81408 129024 363100 224.2
PP 81920 129024 365431 224.2
PP 82432 129024 367849 224.1
PP 82944 129024 370254 224.0
PP 83456 129024 372688 223.9
PP 83968 129024 375151 223.8
PP 84480 129024 377622 223.7
PP 84992 129024 380068 223.6
PP 85504 129024 382487 223.5
PP 86016 129024 384901 223.5
PP 86528 129024 387278 223.4
PP 87040 129024 389697 223.4
PP 87552 129024 392124 223.3
PP 88064 129024 394591 223.2
PP 88576 129024 397036 223.1
PP 89088 129024 399514 223.0
PP 89600 129024 402011 222.9
PP 90112 129024 404425 222.8
PP 90624 129024 406829 222.8
PP 91136 129024 409263 222.7
PP 91648 129024 411704 222.6
PP 92160 129024 414190 222.5
PP 92672 129024 416605 222.4
PP 93184 129024 419062 222.4
PP 93696 129024 421544 222.3
PP 94208 129024 424094 222.1
PP 94720 129024 426600 222.0
PP 95232 129024 429070 221.9
PP 95744 129024 431551 221.9
PP 96256 129024 434047 221.8
PP 96768 129024 436688 221.6
PP 97280 129024 439359 221.4
PP 97792 129024 442016 221.2
PP 98304 129024 444747 221.0
PP 98816 129024 447350 220.9
PP 99328 129024 449917 220.8
PP 99840 129024 452566 220.6
PP 100352 129024 455185 220.5
PP 100864 129024 457918 220.3
PP 101376 129024 460579 220.1
PP 101888 129024 463288 219.9
PP 102400 129024 466033 219.7
PP 102912 129024 468776 219.5
PP 103424 129024 471528 219.3
PP 103936 129024 474259 219.2
PP 104448 129024 476937 219.0
PP 104960 129024 479667 218.8
PP 105472 129024 482345 218.7
PP 105984 129024 485039 218.5
PP 106496 129024 487775 218.3
PP 107008 129024 490565 218.1
PP 107520 129024 493278 218.0
PP 108032 129024 495956 217.8
PP 108544 129024 498653 217.7
PP 109056 129024 501327 217.5
PP 109568 129024 504097 217.4
PP 110080 129024 506823 217.2
PP 110592 129024 509498 217.1
PP 111104 129024 512184 216.9
PP 111616 129024 514932 216.8
PP 112128 129024 517724 216.6
PP 112640 129024 520480 216.4
PP 113152 129024 523113 216.3
PP 113664 129024 525884 216.1
PP 114176 129024 528571 216.0
PP 114688 129024 531319 215.9
PP 115200 129024 533988 215.7
PP 115712 129024 536715 215.6
PP 116224 129024 539432 215.5
PP 116736 129024 542192 215.3
PP 117248 129024 544945 215.2
PP 117760 129024 547705 215.0
PP 118272 129024 550357 214.9
PP 118784 129024 553067 214.8
PP 119296 129024 555796 214.6
PP 119808 129024 558528 214.5
PP 120320 129024 561281 214.4
PP 120832 129024 564045 214.2
PP 121344 129024 566807 214.1
PP 121856 129024 569546 214.0
PP 122368 129024 572288 213.8
PP 122880 129024 575050 213.7
PP 123392 129024 577839 213.5
PP 123904 129024 580559 213.4
PP 124416 129024 583348 213.3
PP 124928 129024 586136 213.1
PP 125440 129024 588851 213.0
PP 125952 129024 591587 212.9
PP 126464 129024 594385 212.8
PP 126976 129024 597072 212.7
PP 127488 129024 599820 212.5
PP 128000 129024 602581 212.4
PP 128512 129024 605363 212.3
PP 129023 129024 608142 212.2
REUSED 0
T 248068
T 198
T 760
T 1156
T 6587
T 728
T 310
T 3286
T 264
T 3349
T 351
T 992
T 14
T 77517
T 4560
T 318
T 2495
T 450
T 8
T 321
T 1141
T 9417
T 11
T 23812
T 279
T 1379
T 2894
T 55404
T 466
T 4906
T 14832
T 303
T 1906
T 314
T 28943
T 11
T 440
T 5721
T 16687
T 321
T 13769
T 25689
T 13
T 271
T 9764
T 728
T 15060
T 22903
T 279
T 1970
T 321
T 9417
T 364
T 55404
T 321
T 4906
T 14832
T 13
T 271
T 332
T 31995
T 2022
T 51572
T 2699
T 64700
T 271
T 16
T 13
T 2972
T 63
T 71376
T 15248
T 41571
T 24337
T 63
T 471
T 31084
T 709
T 593
T 4499
T 4011
T 16000
T 92217
T 561
T 709
T 506
T 279
T 1546
T 809
T 314
T 279
T 1970
T 369
T 3799
T 974
T 4937
T 12
T 13957
T 13
T 561
T 1510
T 74
T 5786
T 4127
T 23758
T 63
T 369
T 220
T 16
T 17
T 23
T 11
T 321
T 1510
T 10272
T 51
T 348
T 220
T 16
T 15
T 2564
T 580
T 5786
T 4127
T 23758
T 63
T 369
T 9770
T 4417
T 1064
T 16065
T 13
T 1921
T 279
T 709
T 2407
T 369
T 31084
T 471
T 424
T 8211
T 440
T 1510
T 989
T 514
T 21
T 19
T 516
T 307
T 63
T 321
T 17397
T 13
T 1061
T 369
T 264
T 8751
T 4125
T 413
T 411
T 369
T 279
T 4880
T 2450
T 13
T 271
T 17
T 13
T 2972
T 63
T 21558
T 47440
T 88194
T 4306
T 6982
T 63
T 471
T 15866
T 9761
T 16000
T 4499
T 92217
T 733
T 1510
T 1960
T 19197
T 7561
T 279
T 9761
T 369
T 28328
T 1510
T 11018
T 478
T 307
T 88194
T 82
T 7561
T 321
T 1510
T 21558
T 47440
T 35196
T 4747
T 49657
T 11
T 492
T 11
T 304
T 44646
T 55288
T 264
T 1151
T 2234
T 13
T 561
T 1716
T 1510
T 82
T 2518
T 220
T 15
T 976
T 274
T 478
T 304
T 2564
T 1994
T 478
T 307
T 88194
T 82
T 63
T 25419
T 13854
T 11
T 694
T 413
T 1510
T 21558
T 47440
T 35196
T 4747
T 63
T 682
T 449
T 974
T 13909
T 18030
T 364
T 279
T 1483
T 9665
T 11
T 424
T 1362
DONE 256 129024 608414.6 12895.0 length 163 213 0 147360 147360 0 0 0.0
