1596
1144
4087
1156
579
1622
13
14235
3286
3766
2128
318
2348
4757
321
9417
314
799
351
992
14
77517
4560
30
32645
4361
450
25499
553
2570
16561
25
328
5328
3286
279
2128
3294
11
864
369
279
2450
4757
321
279
9417
314
799
351
992
14
77517
4560
13
1697
279
1379
2894
55404
466
4906
14832
488
1423
303
424
11
303
1906
314
28943
11
321
364
1754
799
12278
279
5721
488
5312
321
2873
264
13769
4884
13
11440
430
1248
430
488
1144
1149
271
1596
1144
7936
1534
4087
440
14832
11128
539
28943
11
12278
5721
11
13769
4884
13
14235
22903
2128
13
1049
579
524
4880
2450
1970
11
694
9417
13
14235
22846
55404
42529
11457
14832
494
25499
13
14235
381
16097
25
12278
5721
494
2128
13
14235
1103
1379
2894
55404
466
4906
14832
13
16018
2830
25
198
12
11248
1676
15999
2074
593
202201
3047
4562
25
35494
7072
33686
61369
49825
11461
11
45559
6009
25165
11
9640
6297
11
87567
18830
11
77528
8581
71387
15999
2074
13
42249
25
328
4058
279
35494
3983
11
279
13540
55288
449
6009
364
799
3817
440
50285
980
579
12391
1918
321
364
3679
10885
440
4361
450
579
7072
33686
61369
11
864
4625
9781
20648
1076
1788
9640
506
9039
220
15
628
809
303
264
2086
4087
1
321
328
4058
279
1581
45559
6009
25165
264
47241
1067
369
524
